662361.974688 1299973.494840 0.000000
662382.223400 1299927.635598 0.000000
662402.472112 1299881.776357 0.000000
662422.720824 1299835.917115 0.000000
662442.969535 1299790.057874 0.000000
662463.218247 1299744.198632 0.000000
662483.466959 1299698.339391 0.000000
662503.715671 1299652.480149 0.000000
662523.964382 1299606.620908 0.000000
662544.213094 1299560.761666 0.000000
662564.461806 1299514.902425 0.000000
662584.710518 1299469.043183 0.000000
662604.959229 1299423.183942 0.000000
662625.207941 1299377.324700 0.000000
662645.456653 1299331.465459 0.000000
662665.705365 1299285.606217 0.000000
662685.954076 1299239.746976 0.000000
662706.202788 1299193.887734 0.000000
662726.451500 1299148.028493 0.000000
662746.700212 1299102.169251 0.000000
662766.948924 1299056.310010 0.000000
662787.197635 1299010.450768 0.000000
662807.446347 1298964.591527 0.000000
662827.695059 1298918.732285 0.000000
662847.943771 1298872.873044 0.000000
662868.192482 1298827.013802 0.000000
662888.441194 1298781.154561 0.000000
662908.689906 1298735.295319 0.000000
662928.938618 1298689.436078 0.000000
662949.187329 1298643.576836 0.000000
662969.436041 1298597.717595 0.000000
662989.684753 1298551.858353 0.000000
663009.933465 1298505.999112 0.000000
663030.182176 1298460.139870 0.000000
663050.430888 1298414.280629 0.000000
663070.679600 1298368.421387 0.000000
663090.928312 1298322.562146 0.000000
663111.177024 1298276.702904 0.000000
663131.425735 1298230.843663 0.000000
663151.674447 1298184.984421 0.000000
663171.923159 1298139.125180 0.000000
663192.171871 1298093.265938 0.000000
663212.420582 1298047.406697 0.000000
663232.669294 1298001.547455 0.000000
663252.918006 1297955.688213 0.000000
663273.166718 1297909.828972 0.000000
663293.415429 1297863.969730 0.000000
663313.664141 1297818.110489 0.000000
663333.912853 1297772.251247 0.000000
663354.161565 1297726.392006 0.000000
663374.410277 1297680.532764 0.000000
663394.658988 1297634.673523 0.000000
663414.907700 1297588.814281 0.000000
663435.156412 1297542.955040 0.000000
663455.405124 1297497.095798 0.000000
663475.653835 1297451.236557 0.000000
663495.902547 1297405.377315 0.000000
663516.151259 1297359.518074 0.000000
663536.399971 1297313.658832 0.000000
663556.648682 1297267.799591 0.000000
663576.897394 1297221.940349 0.000000
663597.146106 1297176.081108 0.000000
663617.394818 1297130.221866 0.000000
663637.643529 1297084.362625 0.000000
663657.892241 1297038.503383 0.000000
663678.140953 1296992.644142 0.000000
663698.389665 1296946.784900 0.000000
663718.638377 1296900.925659 0.000000
663738.887088 1296855.066417 0.000000
663759.135800 1296809.207176 0.000000
663779.384512 1296763.347934 0.000000
663799.633224 1296717.488693 0.000000
663819.881935 1296671.629451 0.000000
663840.130647 1296625.770210 0.000000
663860.379359 1296579.910968 0.000000
663880.628071 1296534.051727 0.000000
663900.876782 1296488.192485 0.000000
663921.125494 1296442.333244 0.000000
663941.374206 1296396.474002 0.000000
663961.622918 1296350.614761 0.000000
663981.871629 1296304.755519 0.000000
664002.120341 1296258.896278 0.000000
664022.369053 1296213.037036 0.000000
664042.617765 1296167.177795 0.000000
664062.866477 1296121.318553 0.000000
664083.115188 1296075.459312 0.000000
664103.363900 1296029.600070 0.000000
664123.612612 1295983.740829 0.000000
664143.861324 1295937.881587 0.000000
664164.110035 1295892.022346 0.000000
664184.358747 1295846.163104 0.000000
664204.607459 1295800.303863 0.000000
664224.856171 1295754.444621 0.000000
664245.104882 1295708.585380 0.000000
664265.353594 1295662.726138 0.000000
664285.602306 1295616.866897 0.000000
664305.851018 1295571.007655 0.000000
664326.099730 1295525.148414 0.000000
664346.348441 1295479.289172 0.000000
664366.597153 1295433.429931 0.000000
664386.845865 1295387.570689 0.000000
664407.094577 1295341.711447 0.000000
664427.343288 1295295.852206 0.000000
664447.592000 1295249.992964 0.000000
664467.840712 1295204.133723 0.000000
664488.089424 1295158.274481 0.000000
664508.338135 1295112.415240 0.000000
664528.586847 1295066.555998 0.000000
664548.835559 1295020.696757 0.000000
664569.084271 1294974.837515 0.000000
664589.332982 1294928.978274 0.000000
664609.581694 1294883.119032 0.000000
664629.830406 1294837.259791 0.000000
664650.079118 1294791.400549 0.000000
664670.327830 1294745.541308 0.000000
664690.576541 1294699.682066 0.000000
664710.825253 1294653.822825 0.000000
664731.073965 1294607.963583 0.000000
664751.322677 1294562.104342 0.000000
664771.571388 1294516.245100 0.000000
664771.571410 1294516.245157 0.000000
664751.322698 1294562.104398 0.000000
664731.073987 1294607.963640 0.000000
664710.825275 1294653.822881 0.000000
664690.576563 1294699.682123 0.000000
664670.327851 1294745.541364 0.000000
664650.079140 1294791.400606 0.000000
664629.830428 1294837.259847 0.000000
664609.581716 1294883.119089 0.000000
664589.333004 1294928.978330 0.000000
664569.084292 1294974.837572 0.000000
664548.835581 1295020.696813 0.000000
664528.586869 1295066.556055 0.000000
664508.338157 1295112.415296 0.000000
664488.089445 1295158.274538 0.000000
664467.840734 1295204.133779 0.000000
664447.592022 1295249.993021 0.000000
664427.343310 1295295.852262 0.000000
664407.094598 1295341.711504 0.000000
664386.845887 1295387.570745 0.000000
664366.597175 1295433.429987 0.000000
664346.348463 1295479.289228 0.000000
664326.099751 1295525.148470 0.000000
664305.851040 1295571.007711 0.000000
664285.602328 1295616.866953 0.000000
664265.353616 1295662.726194 0.000000
664245.104904 1295708.585436 0.000000
664224.856192 1295754.444677 0.000000
664204.607481 1295800.303919 0.000000
664184.358769 1295846.163160 0.000000
664164.110057 1295892.022402 0.000000
664143.861345 1295937.881643 0.000000
664123.612634 1295983.740885 0.000000
664103.363922 1296029.600126 0.000000
664083.115210 1296075.459368 0.000000
664062.866498 1296121.318609 0.000000
664042.617787 1296167.177851 0.000000
664022.369075 1296213.037092 0.000000
664002.120363 1296258.896334 0.000000
663981.871651 1296304.755575 0.000000
663961.622939 1296350.614817 0.000000
663941.374228 1296396.474058 0.000000
663921.125516 1296442.333300 0.000000
663900.876804 1296488.192541 0.000000
663880.628092 1296534.051783 0.000000
663860.379381 1296579.911024 0.000000
663840.130669 1296625.770266 0.000000
663819.881957 1296671.629507 0.000000
663799.633245 1296717.488749 0.000000
663779.384534 1296763.347990 0.000000
663759.135822 1296809.207232 0.000000
663738.887110 1296855.066473 0.000000
663718.638398 1296900.925715 0.000000
663698.389687 1296946.784956 0.000000
663678.140975 1296992.644198 0.000000
663657.892263 1297038.503440 0.000000
663637.643551 1297084.362681 0.000000
663617.394839 1297130.221923 0.000000
663597.146128 1297176.081164 0.000000
663576.897416 1297221.940406 0.000000
663556.648704 1297267.799647 0.000000
663536.399992 1297313.658889 0.000000
663516.151281 1297359.518130 0.000000
663495.902569 1297405.377372 0.000000
663475.653857 1297451.236613 0.000000
663455.405145 1297497.095855 0.000000
663435.156434 1297542.955096 0.000000
663414.907722 1297588.814338 0.000000
663394.659010 1297634.673579 0.000000
663374.410298 1297680.532821 0.000000
663354.161587 1297726.392062 0.000000
663333.912875 1297772.251304 0.000000
663313.664163 1297818.110545 0.000000
663293.415451 1297863.969787 0.000000
663273.166739 1297909.829028 0.000000
663252.918028 1297955.688270 0.000000
663232.669316 1298001.547511 0.000000
663212.420604 1298047.406753 0.000000
663192.171892 1298093.265994 0.000000
663171.923181 1298139.125236 0.000000
663151.674469 1298184.984477 0.000000
663131.425757 1298230.843719 0.000000
663111.177045 1298276.702960 0.000000
663090.928334 1298322.562202 0.000000
663070.679622 1298368.421443 0.000000
663050.430910 1298414.280685 0.000000
663030.182198 1298460.139926 0.000000
663009.933486 1298505.999168 0.000000
662989.684775 1298551.858409 0.000000
662969.436063 1298597.717651 0.000000
662949.187351 1298643.576892 0.000000
662928.938639 1298689.436134 0.000000
662908.689928 1298735.295375 0.000000
662888.441216 1298781.154617 0.000000
662868.192504 1298827.013858 0.000000
662847.943792 1298872.873100 0.000000
662827.695081 1298918.732341 0.000000
662807.446369 1298964.591583 0.000000
662787.197657 1299010.450824 0.000000
662766.948945 1299056.310066 0.000000
662746.700234 1299102.169307 0.000000
662726.451522 1299148.028549 0.000000
662706.202810 1299193.887790 0.000000
662685.954098 1299239.747032 0.000000
662665.705386 1299285.606273 0.000000
662645.456675 1299331.465515 0.000000
662625.207963 1299377.324756 0.000000
662604.959251 1299423.183998 0.000000
662584.710539 1299469.043239 0.000000
662564.461828 1299514.902481 0.000000
662544.213116 1299560.761722 0.000000
662523.964404 1299606.620964 0.000000
662503.715692 1299652.480205 0.000000
662483.466981 1299698.339447 0.000000
662463.218269 1299744.198689 0.000000
662442.969557 1299790.057930 0.000000
662422.720845 1299835.917172 0.000000
662402.472134 1299881.776413 0.000000
662382.223422 1299927.635655 0.000000
662361.974688 1299973.494840 0.000000
662361.974688 1299973.494840 0.000000
