-1567.583319 10.540822 -0.000000
-1517.452823 10.423401 -0.000000
-1467.322328 10.305980 -0.000000
-1417.191832 10.188559 -0.000000
-1367.061337 10.071137 -0.000000
-1316.930842 9.953715 -0.000000
-1266.800346 9.836294 -0.000000
-1216.669850 9.718873 -0.000000
-1166.539356 9.601451 -0.000000
-1116.408860 9.484030 -0.000000
-1066.278365 9.366609 -0.000000
-1016.147869 9.249187 -0.000000
-966.017374 9.131765 -0.000000
-915.886878 9.014344 -0.000000
-865.756383 8.896923 -0.000000
-815.625887 8.779502 -0.000000
-765.495392 8.662080 -0.000000
-715.364897 8.544658 -0.000000
-665.234401 8.427237 -0.000000
-615.103905 8.309816 -0.000000
-564.973410 8.192395 -0.000000
-514.842915 8.074972 -0.000000
-464.712420 7.957551 -0.000000
-414.581924 7.840130 -0.000000
-364.451429 7.722709 -0.000000
-314.320933 7.605287 -0.000000
-264.190438 7.487866 -0.000000
-214.059942 7.370444 -0.000000
-163.929447 7.253023 -0.000000
-113.798952 7.135601 -0.000000
-63.668456 7.018180 -0.000000
-13.537960 6.900759 -0.000000
36.592535 6.783338 -0.000000
86.723030 6.665915 -0.000000
136.853525 6.548494 -0.000000
186.984021 6.431073 -0.000000
237.114516 6.313652 -0.000000
287.245012 6.196231 -0.000000
337.375507 6.078809 -0.000000
387.506003 5.961387 -0.000000
437.636498 5.843966 -0.000000
487.766994 5.726545 -0.000000
537.897489 5.609123 -0.000000
588.027985 5.491702 -0.000000
638.158480 5.374280 -0.000000
688.288976 5.256859 -0.000000
738.419471 5.139437 -0.000000
788.549966 5.022016 -0.000000
838.680462 4.904594 -0.000000
888.810957 4.787173 -0.000000
938.941453 4.669752 -0.000000
989.071948 4.552330 -0.000000
1039.202444 4.434909 -0.000000
1089.332939 4.317488 -0.000000
1139.463435 4.200066 -0.000000
1189.593930 4.082644 -0.000000
1239.724425 3.965223 -0.000000
1289.854921 3.847802 -0.000000
1339.985417 3.730381 -0.000000
1390.115911 3.612959 -0.000000
1440.246407 3.495537 -0.000000
1490.376902 3.378116 -0.000000
1540.507398 3.260695 -0.000000
1590.637893 3.143273 -0.000000
1640.768389 3.025852 -0.000000
1690.898884 2.908431 -0.000000
1741.029380 2.791009 -0.000000
1791.159875 2.673588 -0.000000
1841.290370 2.556166 -0.000000
1891.420866 2.438745 -0.000000
1941.551362 2.321324 -0.000000
1991.681857 2.203903 -0.000000
2041.812352 2.086480 -0.000000
2091.942847 1.969059 -0.000000
2142.073343 1.851638 -0.000000
2192.203838 1.734217 -0.000000
2242.334334 1.616794 -0.000000
2292.464829 1.499373 -0.000000
2342.595325 1.381952 -0.000000
2392.725820 1.264531 -0.000000
2442.856315 1.147109 -0.000000
2492.986811 1.029688 -0.000000
2543.117307 0.912266 -0.000000
2593.247802 0.794845 -0.000000
2643.378298 0.677424 -0.000000
2693.508792 0.560002 -0.000000
2743.639288 0.442581 -0.000000
2793.769783 0.325160 -0.000000
2843.900279 0.207738 -0.000000
2894.030774 0.090316 -0.000000
2944.161270 -0.027105 -0.000000
2994.291765 -0.144526 -0.000000
3044.422261 -0.261947 -0.000000
3094.552756 -0.379369 -0.000000
3144.683252 -0.496791 -0.000000
3194.813747 -0.614212 -0.000000
3244.944243 -0.731633 -0.000000
3295.074738 -0.849054 -0.000000
3345.205233 -0.966476 -0.000000
3395.335728 -1.083897 -0.000000
3445.466224 -1.201319 -0.000000
3495.596720 -1.318740 -0.000000
3545.727215 -1.436162 -0.000000
3595.857711 -1.553584 -0.000000
3645.988206 -1.671005 -0.000000
3696.118702 -1.788426 -0.000000
3746.249197 -1.905848 -0.000000
3796.379692 -2.023269 -0.000000
3846.510188 -2.140690 -0.000000
3896.640684 -2.258112 -0.000000
3946.771178 -2.375534 -0.000000
3996.901674 -2.492955 -0.000000
4047.032169 -2.610376 -0.000000
4097.162665 -2.727797 -0.000000
4147.293160 -2.845218 -0.000000
4197.423656 -2.962641 -0.000000
4247.554151 -3.080062 -0.000000
4297.684647 -3.197483 -0.000000
4347.815142 -3.314904 -0.000000
4397.945637 -3.432326 -0.000000
4397.945594 -3.432283 -0.000000
4347.815099 -3.314862 -0.000000
4297.684604 -3.197440 -0.000000
4247.554109 -3.080019 -0.000000
4197.423613 -2.962597 -0.000000
4147.293118 -2.845176 -0.000000
4097.162622 -2.727754 -0.000000
4047.032127 -2.610333 -0.000000
3996.901631 -2.492912 -0.000000
3946.771136 -2.375491 -0.000000
3896.640640 -2.258069 -0.000000
3846.510145 -2.140647 -0.000000
3796.379649 -2.023226 -0.000000
3746.249154 -1.905805 -0.000000
3696.118658 -1.788384 -0.000000
3645.988164 -1.670962 -0.000000
3595.857668 -1.553540 -0.000000
3545.727173 -1.436119 -0.000000
3495.596677 -1.318698 -0.000000
3445.466182 -1.201276 -0.000000
3395.335686 -1.083855 -0.000000
3345.205191 -0.966434 -0.000000
3295.074695 -0.849012 -0.000000
3244.944200 -0.731590 -0.000000
3194.813704 -0.614169 -0.000000
3144.683209 -0.496748 -0.000000
3094.552713 -0.379326 -0.000000
3044.422218 -0.261905 -0.000000
2994.291723 -0.144483 -0.000000
2944.161228 -0.027062 -0.000000
2894.030732 0.090359 -0.000000
2843.900237 0.207780 -0.000000
2793.769741 0.325203 -0.000000
2743.639246 0.442624 -0.000000
2693.508750 0.560045 -0.000000
2643.378255 0.677466 -0.000000
2593.247759 0.794888 -0.000000
2543.117264 0.912309 -0.000000
2492.986768 1.029731 -0.000000
2442.856273 1.147152 -0.000000
2392.725777 1.264573 -0.000000
2342.595283 1.381995 -0.000000
2292.464787 1.499416 -0.000000
2242.334292 1.616837 -0.000000
2192.203796 1.734259 -0.000000
2142.073301 1.851681 -0.000000
2091.942805 1.969102 -0.000000
2041.812310 2.086523 -0.000000
1991.681814 2.203944 -0.000000
1941.551319 2.321366 -0.000000
1891.420823 2.438788 -0.000000
1841.290328 2.556209 -0.000000
1791.159832 2.673630 -0.000000
1741.029338 2.791052 -0.000000
1690.898842 2.908473 -0.000000
1640.768346 3.025895 -0.000000
1590.637851 3.143316 -0.000000
1540.507355 3.260737 -0.000000
1490.376860 3.378159 -0.000000
1440.246364 3.495581 -0.000000
1390.115869 3.613002 -0.000000
1339.985373 3.730423 -0.000000
1289.854878 3.847845 -0.000000
1239.724382 3.965266 -0.000000
1189.593887 4.082687 -0.000000
1139.463391 4.200109 -0.000000
1089.332897 4.317531 -0.000000
1039.202401 4.434952 -0.000000
989.071906 4.552373 -0.000000
938.941410 4.669794 -0.000000
888.810915 4.787216 -0.000000
838.680419 4.904638 -0.000000
788.549924 5.022059 -0.000000
738.419428 5.139480 -0.000000
688.288933 5.256901 -0.000000
638.158437 5.374323 -0.000000
588.027942 5.491744 -0.000000
537.897446 5.609166 -0.000000
487.766951 5.726587 -0.000000
437.636456 5.844009 -0.000000
387.505961 5.961430 -0.000000
337.375465 6.078852 -0.000000
287.244970 6.196272 -0.000000
237.114474 6.313695 -0.000000
186.983979 6.431116 -0.000000
136.853483 6.548537 -0.000000
86.722988 6.665958 -0.000000
36.592492 6.783380 -0.000000
-13.538003 6.900802 -0.000000
-63.668499 7.018223 -0.000000
-113.798994 7.135644 -0.000000
-163.929490 7.253065 -0.000000
-214.059984 7.370487 -0.000000
-264.190480 7.487909 -0.000000
-314.320975 7.605330 -0.000000
-364.451471 7.722751 -0.000000
-414.581966 7.840173 -0.000000
-464.712462 7.957594 -0.000000
-514.842957 8.075015 -0.000000
-564.973453 8.192437 -0.000000
-615.103948 8.309859 -0.000000
-665.234444 8.427280 -0.000000
-715.364939 8.544701 -0.000000
-765.495435 8.662122 -0.000000
-815.625930 8.779543 -0.000000
-865.756425 8.896966 -0.000000
-915.886920 9.014387 -0.000000
-966.017416 9.131808 -0.000000
-1016.147911 9.249229 -0.000000
-1066.278407 9.366651 -0.000000
-1116.408902 9.484072 -0.000000
-1166.539398 9.601494 -0.000000
-1216.669893 9.718915 -0.000000
-1266.800389 9.836337 -0.000000
-1316.930885 9.953759 -0.000000
-1367.061380 10.071180 -0.000000
-1417.191876 10.188601 -0.000000
-1467.322370 10.306023 -0.000000
-1517.452866 10.423444 -0.000000
-1567.583319 10.540822 -0.000000
-1567.583319 10.540822 -0.000000
